Pn = 2130;
Vn = 220;
fn = 60;
Tn = 11.9;
rpm_n = 1775;
slip = (1800-1775)/1800;
pp = 2;
Rr = 0.816; 
Rs = 0.435; 
Lls = 0.002; 
Llr = 0.002; 
Lm = 0.0693;
J = 0.089;
ref_flux = 0.6;  
ref_vel = 500;
ref_vel2 = -1000;
Vdc = 500;
Ts = 1/20000;
Tload = 10;